0.062412499999999996 1.4
0.0655751753507014 1.4011493962692123
0.0687378507014028 1.4022891607545893
0.0719005260521042 1.4034193886320625
0.0750632014028056 1.4045401750775626
0.078225876753507 1.4056516152670224
0.08138855210420841 1.4067538043763725
0.08455122745490981 1.4078468375815434
0.08771390280561121 1.4089308100584694
0.09087657815631262 1.4100058169830796
0.09403925350701403 1.4110719535313063
0.09720192885771542 1.412129314879081
0.10036460420841684 1.4131779962023345
0.10352727955911822 1.4142180926769994
0.10668995490981964 1.415249699479007
0.10985263026052103 1.4162729117842874
0.11301530561122244 1.417287824768774
0.11617798096192383 1.418294533608397
0.11934065631262525 1.4192931334790875
0.12250333166332664 1.4202837195567786
0.12566600701402805 1.4212663870174
0.12882868236472944 1.4222412310368844
0.13199135771543086 1.4232083467911631
0.13515403306613227 1.4241678294561677
0.13831670841683366 1.4251197742078292
0.14147938376753505 1.4260642762220788
0.14464205911823647 1.427001430674849
0.14780473446893788 1.4279313327420706
0.15096740981963927 1.428854077599675
0.15413008517034066 1.429769760423594
0.15729276052104207 1.430678476389759
0.1604554358717435 1.4315803206741011
0.16361811122244488 1.4324753884525525
0.16678078657314627 1.4333637749010442
0.16994346192384768 1.4342455751955079
0.1731061372745491 1.4351208845118746
0.1762688126252505 1.4359897980260763
0.17943148797595188 1.4368524109140441
0.1825941633266533 1.4377088183517102
0.1857568386773547 1.4385591155150053
0.18891951402805612 1.4394033975798615
0.19208218937875748 1.4402417597222088
0.1952448647294589 1.441074297117981
0.19840754008016032 1.441901104943108
0.20157021543086173 1.4427222783735214
0.2047328907815631 1.443537912585153
0.2078955661322645 1.4443481027539347
0.21105824148296592 1.4451529440557969
0.21422091683366734 1.4459525316666715
0.2173835921843687 1.4467469607624908
0.22054626753507012 1.447536326519185
0.22370894288577153 1.4483207241126868
0.22687161823647295 1.449100248718927
0.2300342935871743 1.4498749955138368
0.23319696893787573 1.4506450596733473
0.23635964428857714 1.4514105363733922
0.23952231963927856 1.452171520789901
0.24268499498997992 1.452928108098805
0.24584767034068133 1.4536803934760376
0.24901034569138275 1.4544284720975285
0.25217302104208417 1.455172439139209
0.2553356963927855 1.4559123897770119
0.25849837174348694 1.4566484191868683
0.26166104709418836 1.4573806225447086
0.2648237224448898 1.4581090950264657
0.2679863977955912 1.4588339318080705
0.27114907314629255 1.4595552280654545
0.27431174849699397 1.4602730789745488
0.2774744238476954 1.4609875797112857
0.2806370991983968 1.4616988254515964
0.28379977454909816 1.462406911371411
0.2869624498997996 1.463111932646663
0.290125125250501 1.463813984453283
0.2932878006012024 1.4645131619672025
0.29645047595190377 1.4652095603643531
0.2996131513026052 1.4659032748206662
0.3027758266533066 1.466594400512073
0.305938502004008 1.4672830326145052
0.3091011773547094 1.4679692663038946
0.3122638527054108 1.4686531967561722
0.3154265280561122 1.4693349191472704
0.31858920340681357 1.4700145286531185
0.321751878757515 1.4706921204496504
0.3249145541082164 1.4713677897127966
0.3280772294589178 1.472041631618488
0.3312399048096192 1.4727137413426572
0.3344025801603206 1.4733842140612352
0.337565255511022 1.4740531449501528
0.3407279308617234 1.4747206291853427
0.3438906062124248 1.4753867619427357
0.3470532815631262 1.4760516383982634
0.3502159569138276 1.4767153537278563
0.35337863226452904 1.4773780031074484
0.3565413076152304 1.4780396817129684
0.3597039829659318 1.478700484720349
0.36286665831663323 1.4793605073055223
0.36602933366733464 1.4800198446444186
0.36919200901803606 1.4806785919129701
0.3723546843687374 1.4813368442871082
0.37551735971943884 1.4819946969427642
0.37868003507014025 1.4826522450558695
0.38184271042084167 1.4833095838023556
0.38500538577154303 1.4839668083581545
0.38816806112224445 1.4846240138991968
0.39133073647294586 1.4852812956014148
0.3944934118236473 1.4859387486407396
0.39765608717434864 1.4865964681931025
0.40081876252505005 1.487254549434435
0.40398143787575147 1.4879130875406692
0.4071441132264529 1.488572177687736
0.41030678857715425 1.4892319150515667
0.41346946392785566 1.4898923948080938
0.4166321392785571 1.4905537121332477
0.4197948146292585 1.4912159622029602
0.42295748997995986 1.4918792401931629
0.42612016533066127 1.492543641279787
0.4292828406813627 1.4932092606387644
0.4324455160320641 1.493876193446026
0.43560819138276546 1.4945445348775044
0.4387708667334669 1.4952143801091293
0.4419335420841683 1.495885824316834
0.4450962174348697 1.4965589626765488
0.4482588927855711 1.4972338903642064
0.4514215681362725 1.497910702555736
0.4545842434869739 1.498589494427072
0.4577469188376753 1.4992703611541434
0.4609095941883767 1.4999533979128827
0.4640722695390781 1.5006386998792216
0.4672349448897795 1.5013263622290913
0.47039762024048093 1.5020164801384235
0.47356029559118235 1.5027091487831488
0.4767229709418837 1.5034044633391999
0.4798856462925851 1.504102518982508
0.48304832164328654 1.5048034108890034
0.48621099699398795 1.5055072342346196
0.4893736723446893 1.5062140841952865
0.49253634769539073 1.5069240559469357
0.49569902304609215 1.5076372446654993
0.49886169839679356 1.508353745526909
0.502024373747495 1.5090736537070948
0.5051870490981963 1.5097970643819898
0.5083497244488978 1.5105240727275246
0.5115123997995992 1.5112547739196311
0.5146750751503005 1.5119892631342406
0.517837750501002 1.5127276355472847
0.5210004258517034 1.5134699863346945
0.5241631012024048 1.5142164106724019
0.5273257765531062 1.5149670037363383
0.5304884519038076 1.5157218607024348
0.533651127254509 1.516481076746623
0.5368138026052104 1.5172447470448351
0.5399764779559117 1.5180129667730018
0.5431391533066132 1.5187858311070548
0.5463018286573146 1.5195634352229257
0.549464504008016 1.5203458742965454
0.5526271793587174 1.5211332435038463
0.5557898547094188 1.521925638020759
0.5589525300601202 1.5227231530232161
0.5621152054108216 1.5235258836871477
0.565277880761523 1.524333925188486
0.5684405561122244 1.525147372703163
0.5716032314629258 1.5259663214071093
0.5747659068136272 1.5267908664762562
0.5779285821643286 1.5276211030865363
0.58109125751503 1.52845712641388
0.5842539328657315 1.5292990316342194
0.5874166082164328 1.5301469139234856
0.5905792835671342 1.5310008684576109
0.5937419589178357 1.5318609904125255
0.596904634268537 1.5327273749641621
0.6000673096192384 1.5336001172884512
0.6032299849699398 1.5344793125613247
0.6063926603206412 1.5353650559587146
0.6095553356713427 1.536257442656551
0.612718011022044 1.5371565678307668
0.6158806863727454 1.5380625266572927
0.6190433617234469 1.5389754143120604
0.6222060370741482 1.5398953259710018
0.6253687124248496 1.5408223568100474
0.6285313877755511 1.5417566020051297
0.6316940631262524 1.542698156732179
0.6348567384769539 1.543647116167128
0.6380194138276553 1.544603575485907
0.6411820891783566 1.545567629864449
0.6443447645290581 1.5465393744786842
0.6475074398797594 1.5475189045045443
0.6506701152304608 1.5485063151179614
0.6538327905811623 1.549501701494866
0.6569954659318636 1.5505051588111904
0.6601581412825651 1.551516782242866
0.6633208166332665 1.5525366669658238
0.6664834919839678 1.553564908155996
0.6696461673346693 1.5546016009893127
0.6728088426853707 1.5556468406417072
0.6759715180360721 1.5567007222891094
0.6791341933867735 1.5577633411074525
0.6822968687374749 1.5588347922726657
0.6854595440881763 1.5599151709606827
0.6886222194388777 1.5610045723474335
0.691784894789579 1.5621030916088503
0.6949475701402805 1.5632108239208642
0.6981102454909819 1.564327864459407
0.7012729208416834 1.5654543084004102
0.7044355961923847 1.5665902509198046
0.7075982715430861 1.5677357871935225
0.7107609468937875 1.5688910123974946
0.7139236222444889 1.5700560217076536
0.7170862975951903 1.5712309102999291
0.7202489729458917 1.5724157733502548
0.7234116482965931 1.5736107060345605
0.7265743236472946 1.5748158035287787
0.7297369989979959 1.5760311610088398
0.7328996743486973 1.5772568736506765
0.7360623496993988 1.5784930366302192
0.7392250250501001 1.5797397451234
0.7423877004008015 1.5809970943061504
0.745550375751503 1.5822651793544011
0.7487130511022043 1.583544095444085
0.7518757264529058 1.5848339377511325
0.7550384018036072 1.5861348014514753
0.7582010771543085 1.5874467817210447
0.76136375250501 1.588769973735773
0.7645264278557113 1.5901044726715905
0.7676891032064127 1.5914503737044297
0.7708517785571142 1.5928077720102214
0.7740144539078155 1.594176762764897
0.777177129258517 1.595557441144389
0.7803398046092184 1.5969499023246276
0.7835024799599197 1.5983542414815448
0.7866651553106212 1.5997705537910725
0.7898278306613226 1.6011988772116308
0.792990506012024 1.60263887578604
0.7961531813627254 1.6040900633744368
0.7993158567134268 1.6055519534307856
0.8024785320641282 1.6070240594090472
0.8056412074148296 1.6085058947631852
0.808803882765531 1.6099969729471626
0.8119665581162324 1.6114968074149412
0.8151292334669338 1.6130049116204832
0.8182919088176352 1.6145207990177524
0.8214545841683366 1.616043983060711
0.824617259519038 1.6175739772033209
0.8277799348697394 1.6191102948995453
0.8309426102204408 1.6206524496033463
0.8341052855711422 1.6221999547686867
0.8372679609218436 1.62375232384953
0.840430636272545 1.6253090702998372
0.8435933116232465 1.6268697075735714
0.8467559869739478 1.6284337491246959
0.8499186623246492 1.6300007084071728
0.8530813376753507 1.6315700988749644
0.856244013026052 1.6331414339820336
0.8594066883767534 1.634714227182343
0.8625693637274549 1.6362879919298547
0.8657320390781562 1.6378622416785318
0.8688947144288577 1.639436489882337
0.872057389779559 1.6410102499952324
0.8752200651302604 1.6425830354711808
0.8783827404809619 1.6441543597641448
0.8815454158316632 1.6457237363280872
0.8847080911823647 1.64729067861697
0.8878707665330661 1.6488547000847564
0.8910334418837674 1.6504153141854085
0.8941961172344689 1.651972034372889
0.8973587925851703 1.6535243741011605
0.9005214679358716 1.6550718468241856
0.9036841432865731 1.656613965995927
0.9068468186372745 1.6581502450703471
0.9100094939879759 1.6596801975014088
0.9131721693386773 1.6612033367430743
0.9163348446893786 1.662719176249306
0.9194975200400801 1.6642272294740672
0.9226601953907815 1.6657270098713202
0.9258228707414828 1.6672180308950273
0.9289855460921843 1.6686998059991511
0.9321482214428857 1.670171848637654
0.9353108967935871 1.6716336722644995
0.9384735721442885 1.6730847903336492
0.9416362474949899 1.674524716299066
0.9447989228456913 1.6759529636147126
0.9479615981963927 1.6773690457345518
0.9511242735470941 1.6787724761125455
0.9542869488977955 1.6801627682026572
0.9574496242484969 1.681539435458848
0.9606122995991984 1.6829019913350822
0.9637749749498997 1.6842499492853211
0.9669376503006011 1.685582822763528
0.9701003256513026 1.6869001252236653
0.9732630010020039 1.6882013701196956
0.9764256763527054 1.689486070905581
0.9795883517034067 1.6907537410352849
0.9827510270541081 1.6920038939627693
0.9859137024048096 1.6932360431419966
0.9890763777555109 1.6944497020269302
0.9922390531062123 1.695644384071532
0.9954017284569138 1.696819602729765
0.9985644038076151 1.697974871455591
1.0017270791583166 1.6991097037029737
1.004889754509018 1.7002236174345704
1.0080524298597193 1.7013170592392715
1.0112151052104208 1.702392534384469
1.0143777805611223 1.7034528246544898
1.0175404559118235 1.7045007118336581
1.020703131262525 1.705538977706302
1.0238658066132265 1.7065704040567446
1.027028481963928 1.707597772669313
1.0301911573146292 1.708623865328332
1.0333538326653307 1.7096514638181277
1.0365165080160321 1.710683349923026
1.0396791833667334 1.7117223054273532
1.0428418587174348 1.7127711121154323
1.0460045340681363 1.7138325517715913
1.0491672094188376 1.7149094061801557
1.052329884769539 1.7160044571254502
1.0554925601202405 1.7171204863918013
1.0586552354709418 1.718260275763534
1.0618179108216432 1.7194266070249746
1.0649805861723447 1.7206222619604477
1.068143261523046 1.7218500223542803
1.0713059368737474 1.7231126699907975
1.074468612224449 1.7244129866543243
1.0776312875751501 1.725753754129187
1.0807939629258516 1.7271377541997117
1.083956638276553 1.7285677686502232
1.0871193136272543 1.730046579265047
1.0902819889779558 1.7315769678285098
1.0934446643286573 1.7331617161249364
1.0966073396793585 1.7348036059386525
1.09977001503006 1.7365054190539846
1.1029326903807615 1.7382699372552572
1.106095365731463 1.7400999423267964
1.1092580410821642 1.7419982160529284
1.1124207164328657 1.7439675402179782
1.1155833917835671 1.7460106966062712
1.1187460671342684 1.7481304670021338
1.1219087424849699 1.7503296331898912
1.1250714178356713 1.7526109769538696
1.1282340931863726 1.7549772800783936
1.131396768537074 1.7574313243477897
1.1345594438877755 1.7599758915463837
1.1377221192384768 1.7626137634585004
1.1408847945891782 1.7653477218684661
1.1440474699398797 1.7681805485606066
1.147210145290581 1.7711150253192465
1.1503728206412824 1.7741539339287127
1.153535495991984 1.77730005617333
1.1566981713426854 1.780556173837425
1.1598608466933866 1.7839250687053219
1.163023522044088 1.7874095225613478
1.1661861973947896 1.7910123171898276
1.1693488727454908 1.7947362343750872
1.1725115480961923 1.798584055901452
1.1756742234468938 1.8025579610024407
1.178836898797595 1.8066524013632723
1.1819995741482965 1.8108564769399773
1.185162249498998 1.8151591804965834
1.1883249248496992 1.819549504797118
1.1914876002004007 1.8240164426056098
1.1946502755511021 1.8285489866860871
1.1978129509018036 1.8331361298025775
1.2009756262525049 1.8377668647191086
1.2041383016032063 1.8424301841997088
1.2073009769539078 1.8471150810084074
1.210463652304609 1.8518105479092297
1.2136263276553105 1.8565055776662067
1.216789003006012 1.8611891630433648
1.2199516783567133 1.8658502968047317
1.2231143537074147 1.8704779717143372
1.2262770290581162 1.875061180536207
1.2294397044088174 1.879588916034371
1.232602379759519 1.8840501709728565
1.2357650551102204 1.8884339381156918
1.2389277304609216 1.8927292102269047
1.242090405811623 1.8969249800705235
1.2452530811623246 1.9010102875654091
1.248415756513026 1.9049798799342463
1.2515784318637273 1.9088395896767392
1.2547411072144288 1.9125965230379625
1.2579037825651302 1.9162577862629886
1.2610664579158315 1.919830485596891
1.264229133266533 1.9233217272847432
1.2673918086172344 1.9267386175716184
1.2705544839679357 1.930088262702589
1.2737171593186372 1.9333777689227303
1.2768798346693386 1.936614242477113
1.2800425100200399 1.9398047896108126
1.2832051853707414 1.9429565165689013
1.2863678607214428 1.946076529596453
1.2895305360721443 1.9491719349385401
1.2926932114228455 1.9522498388402365
1.295855886773547 1.9553173475466163
1.2990185621242485 1.958381567302751
1.3021812374749497 1.9614496043537148
1.3053439128256512 1.9645285649445818
1.3085065881763527 1.9676255553204243
1.311669263527054 1.9707476817263152
1.3148319388777554 1.9739020504073292
1.3179946142284569 1.9770957676085383
1.3211572895791581 1.9803359395750162
1.3243199649298596 1.9836296725518368
1.327482640280561 1.9869840727840726
1.3306453156312623 1.9904062465167967
1.3338079909819638 1.9939032999950839
1.3369706663326653 1.997482339464006
1.3401333416833667 2.001150466572326
1.343296017034068 2.004914456854014
1.3464586923847695 2.0087805490777204
1.349621367735471 2.0127549319778635
1.3527840430861722 2.016843794288864
1.3559467184368736 2.021053324745142
1.3591093937875751 2.0253897120811186
1.3622720691382764 2.029859145031213
1.3654347444889778 2.034467812329845
1.3685974198396793 2.0392219027114358
1.3717600951903806 2.044127604910404
1.374922770541082 2.0491911076611724
1.3780854458917835 2.0544185996981588
1.381248121242485 2.0598162697557845
1.3844107965931862 2.0653903065684687
1.3875734719438877 2.0711468988706323
1.3907361472945892 2.077092235396696
1.3938988226452904 2.083232504881078
1.3970614979959919 2.0895738960582
1.4002241733466934 2.0961225976624833
1.4033868486973946 2.1028843101851273
1.406549524048096 2.109848070969808
1.4097121993987975 2.1169825239623603
1.4128748747494988 2.1242550692584303
1.4160375501002003 2.1316331069536694
1.4192002254509017 2.1390840371437267
1.422362900801603 2.1465752599242505
1.4255255761523045 2.1540741753908925
1.428688251503006 2.1615481836392987
1.4318509268537074 2.168964684765121
1.4350136022044087 2.1762910788640077
1.4381762775551101 2.1834947660316084
1.4413389529058116 2.1905431463635714
1.4445016282565128 2.197403619955547
1.4476643036072143 2.2040494026071165
1.4508269789579158 2.2105363436208023
1.453989654308617 2.216981732277416
1.4571523296593185 2.2235043178152556
1.46031500501002 2.230222849472618
1.4634776803607212 2.2372560764878004
1.4666403557114227 2.2447227480991025
1.4698030310621242 2.252741613544819
1.4729657064128254 2.2614314220632483
1.476128381763527 2.2709109228926887
1.4792910571142284 2.2812988652714377
1.4824537324649298 2.2927139984377924
1.485616407815631 2.3052688031843465
1.4887790831663326 2.3188436496979747
1.491941758517034 2.3330239188779984
1.4951044338677353 2.3473759204559963
1.4982671092184368 2.361465964163548
1.5014297845691382 2.3748603597322324
1.5045924599198395 2.3871254168936247
1.507755135270541 2.3978274453793063
1.5109178106212424 2.40663840882614
1.5140804859719437 2.4140842585589204
1.5172431613226451 2.4211043243345465
1.5204058366733466 2.428640639674296
1.523568512024048 2.437635238099447
1.5267311873747493 2.4490301531312753
1.5298938627254508 2.46376741829106
1.5330565380761523 2.482789067100078
1.5362192134268535 2.5070237899255066
1.539381888777555 2.536026979521388
1.5425445641282565 2.5668076788958185
1.5457072394789577 2.5960985542214075
1.5488699148296592 2.621142598596932
1.5520325901803607 2.6423428751350144
1.555195265531062 2.6613105152268317
1.5583579408817634 2.6796590766727797
1.5615206162324649 2.6990021172732512
1.564683291583166 2.7207943633844955
1.5678459669338676 2.7457548706054893
1.571008642284569 2.774389850660114
1.5741713176352705 2.8071965342590817
1.5773339929859718 2.8429593940553115
1.5804966683366732 2.8767293525243356
1.5836593436873747 2.9030746956719145
1.586822019038076 2.9213752373053463
1.5899846943887774 2.9436934555322223
1.593147369739479 2.9841569799658396
1.5963100450901802 3.0526921503751145
1.5994727204408816 3.120684139451372
1.602635395791583 3.16648634372339
1.6057980711422843 3.2103008812877407
1.6089607464929858 3.265494482962679
1.6121234218436873 3.323596363506762
1.6152860971943888 3.383952128535267
1.61844877254509 3.4591977341740905
1.6216114478957915 3.5587274543971392
1.624774123246493 3.6557022096991845
1.6279367985971942 3.761107388513239
1.6310994739478957 3.8874893632722123
1.6342621492985971 4.075219928755744
1.6374248246492984 4.2910869099075
1.6405874999999999 4.6
